20121192290 边达宇 75 60 65 
20121192424 王晨 85 95 96
20121192553 高佳维 86 93 90
20121192570 初国利 85 87 85
20121192584 利振彬 70 88 88
20121192818 孟珂 90 86 96 
20121192921 罗云迪 86 90 75
20121201121 田甜 95 85 87
20121201248 王如男 90 89 94
20121201316 邵叶飞 80 84 86
20121201375 周晨曦 87 86 90
20121201695 王洪 96 88 91
20121201842 尹笛露 85 90 94
20121202202 刘宇坤 88 86 90
20121202152 尹然宇 82 90 88
20121202162 孙史磊 80 94 80
20121202269 陈云锅 83 95 85
20121202321 于文涛 88 90 86
20121202439 景揭俊 85 92 85
20121202585 戴贤铎 88 86 78
20121202685 曹厚臻 90 87 90
20121202775 马晴 93 85 90
20121203127 冯泽宇 80 89 75
20121203358 肖寒 88 90 90
20121203359 张赓 87 95 84
20121203398 刘剑峰 88 84 86
20121203399 龚方怡 90 93 96
20121204233 贾国栋 88 90 86
20121204415 孙一卓 86 95 90
